[565]
[565, 825, 530, 51, 822, 356, 95, 563, 1074, 1126, 351]
[565, 825, 530, 51, 822, 356, 95, 563, 1074, 1126, 351, 150, 534, 352, 531, 176, 353, 354, 1309, 836, 706]
[565, 825, 530, 51, 822, 356, 95, 563, 1074, 1126, 351, 150, 534, 352, 531, 176, 353, 354, 1309, 836, 706, 78, 355, 4317, 1558, 533, 752, 79, 824, 387, 1821]
[565, 825, 530, 51, 822, 356, 95, 563, 1074, 1126, 351, 150, 534, 352, 531, 176, 353, 354, 1309, 836, 706, 78, 355, 4317, 1558, 533, 752, 79, 824, 387, 1821, 88, 1041, 1389, 798, 1616, 826, 349, 226, 753, 708]
[565, 825, 530, 51, 822, 356, 95, 563, 1074, 1126, 351, 150, 534, 352, 531, 176, 353, 354, 1309, 836, 706, 78, 355, 4317, 1558, 533, 752, 79, 824, 387, 1821, 88, 1041, 1389, 798, 1616, 826, 349, 226, 753, 708, 3722, 5707, 2078, 751, 1601, 90, 92, 7330, 649, 94]
[565, 825, 530, 51, 822, 356, 95, 563, 1074, 1126, 351, 150, 534, 352, 531, 176, 353, 354, 1309, 836, 706, 78, 355, 4317, 1558, 533, 752, 79, 824, 387, 1821, 88, 1041, 1389, 798, 1616, 826, 349, 226, 753, 708, 3722, 5707, 2078, 751, 1601, 90, 92, 7330, 649, 94, 89, 1699, 532, 1493, 3151, 91, 704, 837, 823, 564]
[565, 825, 530, 51, 822, 356, 95, 563, 1074, 1126, 351, 150, 534, 352, 531, 176, 353, 354, 1309, 836, 706, 78, 355, 4317, 1558, 533, 752, 79, 824, 387, 1821, 88, 1041, 1389, 798, 1616, 826, 349, 226, 753, 708, 3722, 5707, 2078, 751, 1601, 90, 92, 7330, 649, 94, 89, 1699, 532, 1493, 3151, 91, 704, 837, 823, 564, 54, 1042, 1395, 428, 2410, 679, 541, 7241, 639, 306]
[565, 825, 530, 51, 822, 356, 95, 563, 1074, 1126, 351, 150, 534, 352, 531, 176, 353, 354, 1309, 836, 706, 78, 355, 4317, 1558, 533, 752, 79, 824, 387, 1821, 88, 1041, 1389, 798, 1616, 826, 349, 226, 753, 708, 3722, 5707, 2078, 751, 1601, 90, 92, 7330, 649, 94, 89, 1699, 532, 1493, 3151, 91, 704, 837, 823, 564, 54, 1042, 1395, 428, 2410, 679, 541, 7241, 639, 306, 1564, 1073, 1850, 6747, 2298, 3965, 638, 452, 802, 6264]
[565, 825, 530, 51, 822, 356, 95, 563, 1074, 1126, 351, 150, 534, 352, 531, 176, 353, 354, 1309, 836, 706, 78, 355, 4317, 1558, 533, 752, 79, 824, 387, 1821, 88, 1041, 1389, 798, 1616, 826, 349, 226, 753, 708, 3722, 5707, 2078, 751, 1601, 90, 92, 7330, 649, 94, 89, 1699, 532, 1493, 3151, 91, 704, 837, 823, 564, 54, 1042, 1395, 428, 2410, 679, 541, 7241, 639, 306, 1564, 1073, 1850, 6747, 2298, 3965, 638, 452, 802, 6264, 2631, 1557, 807, 4860, 409, 567, 3406, 405, 1205, 737]
[565, 825, 530, 51, 822, 356, 95, 563, 1074, 1126, 351, 150, 534, 352, 531, 176, 353, 354, 1309, 836, 706, 78, 355, 4317, 1558, 533, 752, 79, 824, 387, 1821, 88, 1041, 1389, 798, 1616, 826, 349, 226, 753, 708, 3722, 5707, 2078, 751, 1601, 90, 92, 7330, 649, 94, 89, 1699, 532, 1493, 3151, 91, 704, 837, 823, 564, 54, 1042, 1395, 428, 2410, 679, 541, 7241, 639, 306, 1564, 1073, 1850, 6747, 2298, 3965, 638, 452, 802, 6264, 2631, 1557, 807, 4860, 409, 567, 3406, 405, 1205, 737, 3140, 1705, 1382, 2211, 705, 1656, 4325, 3441, 916, 1803]
[565, 825, 530, 51, 822, 356, 95, 563, 1074, 1126, 351, 150, 534, 352, 531, 176, 353, 354, 1309, 836, 706, 78, 355, 4317, 1558, 533, 752, 79, 824, 387, 1821, 88, 1041, 1389, 798, 1616, 826, 349, 226, 753, 708, 3722, 5707, 2078, 751, 1601, 90, 92, 7330, 649, 94, 89, 1699, 532, 1493, 3151, 91, 704, 837, 823, 564, 54, 1042, 1395, 428, 2410, 679, 541, 7241, 639, 306, 1564, 1073, 1850, 6747, 2298, 3965, 638, 452, 802, 6264, 2631, 1557, 807, 4860, 409, 567, 3406, 405, 1205, 737, 3140, 1705, 1382, 2211, 705, 1656, 4325, 3441, 916, 1803, 1685, 2315, 4221, 2576, 6266, 260, 3094, 350, 3132, 2756]
[565, 825, 530, 51, 822, 356, 95, 563, 1074, 1126, 351, 150, 534, 352, 531, 176, 353, 354, 1309, 836, 706, 78, 355, 4317, 1558, 533, 752, 79, 824, 387, 1821, 88, 1041, 1389, 798, 1616, 826, 349, 226, 753, 708, 3722, 5707, 2078, 751, 1601, 90, 92, 7330, 649, 94, 89, 1699, 532, 1493, 3151, 91, 704, 837, 823, 564, 54, 1042, 1395, 428, 2410, 679, 541, 7241, 639, 306, 1564, 1073, 1850, 6747, 2298, 3965, 638, 452, 802, 6264, 2631, 1557, 807, 4860, 409, 567, 3406, 405, 1205, 737, 3140, 1705, 1382, 2211, 705, 1656, 4325, 3441, 916, 1803, 1685, 2315, 4221, 2576, 6266, 260, 3094, 350, 3132, 2756, 71, 4958, 166, 2113, 4154, 7076, 1218, 950, 5867, 284]
[565, 825, 530, 51, 822, 356, 95, 563, 1074, 1126, 351, 150, 534, 352, 531, 176, 353, 354, 1309, 836, 706, 78, 355, 4317, 1558, 533, 752, 79, 824, 387, 1821, 88, 1041, 1389, 798, 1616, 826, 349, 226, 753, 708, 3722, 5707, 2078, 751, 1601, 90, 92, 7330, 649, 94, 89, 1699, 532, 1493, 3151, 91, 704, 837, 823, 564, 54, 1042, 1395, 428, 2410, 679, 541, 7241, 639, 306, 1564, 1073, 1850, 6747, 2298, 3965, 638, 452, 802, 6264, 2631, 1557, 807, 4860, 409, 567, 3406, 405, 1205, 737, 3140, 1705, 1382, 2211, 705, 1656, 4325, 3441, 916, 1803, 1685, 2315, 4221, 2576, 6266, 260, 3094, 350, 3132, 2756, 71, 4958, 166, 2113, 4154, 7076, 1218, 950, 5867, 284, 163, 1472, 417, 2332, 1434, 1159, 1436, 5683, 5398, 4586]
[565, 825, 530, 51, 822, 356, 95, 563, 1074, 1126, 351, 150, 534, 352, 531, 176, 353, 354, 1309, 836, 706, 78, 355, 4317, 1558, 533, 752, 79, 824, 387, 1821, 88, 1041, 1389, 798, 1616, 826, 349, 226, 753, 708, 3722, 5707, 2078, 751, 1601, 90, 92, 7330, 649, 94, 89, 1699, 532, 1493, 3151, 91, 704, 837, 823, 564, 54, 1042, 1395, 428, 2410, 679, 541, 7241, 639, 306, 1564, 1073, 1850, 6747, 2298, 3965, 638, 452, 802, 6264, 2631, 1557, 807, 4860, 409, 567, 3406, 405, 1205, 737, 3140, 1705, 1382, 2211, 705, 1656, 4325, 3441, 916, 1803, 1685, 2315, 4221, 2576, 6266, 260, 3094, 350, 3132, 2756, 71, 4958, 166, 2113, 4154, 7076, 1218, 950, 5867, 284, 163, 1472, 417, 2332, 1434, 1159, 1436, 5683, 5398, 4586, 885, 4729, 3725, 2571, 2400, 1477, 3401, 1147, 5213, 843]
[565, 825, 530, 51, 822, 356, 95, 563, 1074, 1126, 351, 150, 534, 352, 531, 176, 353, 354, 1309, 836, 706, 78, 355, 4317, 1558, 533, 752, 79, 824, 387, 1821, 88, 1041, 1389, 798, 1616, 826, 349, 226, 753, 708, 3722, 5707, 2078, 751, 1601, 90, 92, 7330, 649, 94, 89, 1699, 532, 1493, 3151, 91, 704, 837, 823, 564, 54, 1042, 1395, 428, 2410, 679, 541, 7241, 639, 306, 1564, 1073, 1850, 6747, 2298, 3965, 638, 452, 802, 6264, 2631, 1557, 807, 4860, 409, 567, 3406, 405, 1205, 737, 3140, 1705, 1382, 2211, 705, 1656, 4325, 3441, 916, 1803, 1685, 2315, 4221, 2576, 6266, 260, 3094, 350, 3132, 2756, 71, 4958, 166, 2113, 4154, 7076, 1218, 950, 5867, 284, 163, 1472, 417, 2332, 1434, 1159, 1436, 5683, 5398, 4586, 885, 4729, 3725, 2571, 2400, 1477, 3401, 1147, 5213, 843, 2144, 447, 3187, 1586, 1484, 5925, 7202, 2597, 157, 1690]
