1 72.0997190475
6 83.6197030544
11 84.6435530186
16 87.9024488926
21 88.9334878922
26 90.676142931
31 97.223913908
36 100.039670944
41 101.863125086
46 110.513605118
51 108.415328026
56 154.715839863
61 118.61057806
66 122.459650993
71 158.983278036
76 129.118710041
81 132.68438983
86 136.113151073
91 186.319890976
96 148.566158056
101 184.283284903
106 156.100415945
111 161.573950052
116 165.342451096
121 168.41702199
126 201.210309029
131 178.079987049
136 181.372283936
141 184.886463881
146 192.499294996
151 193.97679019
156 200.244899035
161 205.15972805
166 207.168857098
171 210.583050966
176 243.162132025
181 216.56389308
186 222.341832876
191 246.841269016
196 238.365350008
201 238.135794878
206 239.459752798
211 273.742219925
216 250.353312969
221 251.711962938
226 256.890650988
231 286.050488949
236 261.139380932
241 265.198714018
246 300.162390947
