1 89.1378700733
6 100.077399969
11 108.010066032
16 133.992424011
21 127.285190821
26 119.311710119
31 168.275338173
36 128.305492878
41 179.250249147
46 140.481380939
51 178.81416297
56 193.522292137
61 201.708355904
66 157.935652018
71 224.304581165
76 174.654140949
81 206.122163057
86 220.359505892
91 178.156731844
96 223.768867016
101 222.275541067
106 231.526582956
111 193.166630983
116 249.260038853
121 199.135727167
126 253.843789816
131 242.871552944
136 254.867278099
141 276.896802902
146 230.878178835
151 308.809068918
156 238.721663952
161 285.845702887
166 323.667822123
171 252.598889112
176 306.881813049
181 261.484095097
186 308.897249937
191 314.951164007
196 358.374727011
201 281.101696968
206 324.854050159
211 333.950119019
216 293.406406879
221 379.4669981
226 354.110128164
231 351.125071049
236 395.043149948
241 315.457163095
246 367.864526987
