1 0.0900030136108
6 0.0864470005035
11 0.117090940475
16 0.0922718048096
21 0.0980432033539
26 0.0962400436401
31 0.108170032501
36 0.102249145508
41 0.124727010727
46 0.152486085892
51 0.126554965973
56 0.113661050797
61 0.132817983627
66 0.0987401008606
71 0.124125003815
76 0.114617109299
81 0.117609024048
86 0.104621887207
91 0.124029874802
96 0.128070831299
101 0.106379985809
106 0.10768699646
111 0.107017040253
116 0.10770201683
121 0.127137184143
126 0.106225013733
131 0.111419916153
136 0.110472917557
141 0.110082149506
146 0.138550043106
151 0.117629051208
156 0.130579948425
161 0.125488996506
166 0.1225938797
171 0.145040035248
176 0.184336900711
181 0.162889003754
186 0.161911964417
191 0.159237861633
196 0.162476062775
201 0.189546108246
206 0.132345914841
211 0.162553071976
216 0.173712015152
221 0.197112083435
226 0.208092927933
231 0.18000793457
236 0.179747819901
241 0.183135986328
246 0.241463899612
