1 257.267632008
6 281.683541059
11 291.878163099
16 297.741188049
21 299.640125036
26 300.210368872
31 303.731096029
36 302.501689911
41 302.822686911
46 302.19997406
51 300.76393199
56 301.217472076
61 299.073738098
66 298.976656914
71 299.963891029
76 299.516167164
81 300.201601028
86 298.69265914
91 300.306632042
96 299.488389969
101 300.862676144
106 299.313292027
111 299.711614132
116 299.255789042
121 299.073177814
126 299.03510499
131 299.562783003
136 300.457975864
141 299.471148968
146 299.237625122
151 297.07050705
156 299.338562012
161 297.406809092
166 297.732343912
171 298.09633708
176 297.436237097
181 299.670248032
186 296.684826851
191 298.794945955
196 298.072338104
201 297.29579401
206 298.670685053
211 299.707555056
216 299.097984076
221 296.70766902
226 298.316288948
231 297.358994007
236 297.453666925
241 298.473115921
246 297.166752815
