1 65.1077368259
6 114.693578959
11 138.296892881
16 159.865637064
21 131.719281912
26 188.199739218
31 186.28451705
36 184.189200878
41 198.431773901
46 186.978960037
51 225.378091812
56 198.878700972
61 195.895919085
66 181.902065992
71 4943.4560461
76 110.019120216
81 143.342602015
86 189.342619181
91 201.986778021
96 226.237248182
101 230.619534016
106 241.559478045
111 3548.49373698
116 146.088798046
121 234.974016905
126 254.251801014
131 282.18125701
136 294.089452982
141 312.390208006
146 334.261615992
151 337.962091923
156 333.297275066
161 337.899521112
166 354.267334938
171 343.70775795
176 348.240233898
181 381.706480026
186 441.165034056
191 381.868356943
196 483.549611807
201 405.943535089
206 420.212427139
211 513.991556168
216 425.148581028
221 604.865586042
226 596.951570034
231 566.339557886
236 723.071210861
241 704.598106861
246 799.926952124
