1 0.125066041946
6 0.127268075943
11 0.155940055847
16 0.130109071732
21 0.131551980972
26 0.135016918182
31 0.135411977768
36 0.13717508316
41 0.162028074265
46 0.138449907303
51 0.140361070633
56 0.145556926727
61 0.147350072861
66 0.144114971161
71 0.931652069092
76 0.831871986389
81 0.158903837204
86 0.151715040207
91 0.172266960144
96 0.176898956299
101 0.154590129852
106 0.487297058105
111 0.165092945099
116 0.155457019806
121 0.178905010223
126 0.156538009644
131 0.173770189285
136 0.156675815582
141 0.158195018768
146 0.157965898514
151 0.176200866699
156 0.157524824142
161 0.140895843506
166 0.498780012131
171 0.714092969894
176 0.207636833191
181 0.189707994461
186 0.165787935257
191 0.174382925034
196 0.174592018127
201 0.205671072006
206 0.663379907608
211 0.184494972229
216 0.619309902191
221 0.185293912888
226 0.212324857712
231 0.177150964737
236 0.619407176971
241 0.176394939423
246 0.194833993912
