1 109.372879028
6 138.542007923
11 155.715965986
16 136.064523935
21 186.399624109
26 182.086526155
31 180.560544014
36 199.886594057
41 193.165864944
46 219.673197031
51 202.0260849
56 188.164407969
61 192.210536957
66 4943.70195007
71 111.039374828
76 137.973552942
81 189.99266696
86 204.845537901
91 243.850539207
96 255.80533886
101 266.749545097
106 3535.69510603
111 187.616484165
116 238.302412987
121 284.181064129
126 300.212316036
131 325.363710165
136 331.620957136
141 347.408241987
146 363.494120121
151 347.237732887
156 363.32106185
161 363.33750391
166 384.331413031
171 396.0885849
176 461.970932007
181 423.717562914
186 485.813227177
191 440.700276852
196 448.579260826
201 519.880176067
206 515.136127949
211 625.335268021
216 656.112033844
221 583.873849154
226 794.590694904
231 844.417593002
236 436.321206093
241 344.475322008
246 286.171686172
