1 256.940615892
6 269.563858032
11 280.38564086
16 283.211183071
21 286.726727962
26 290.016942978
31 289.939687014
36 292.408788919
41 290.883351088
46 289.372411966
51 290.162056923
56 288.413635969
61 288.977296829
66 289.295379162
71 290.178262949
76 290.799239159
81 290.834712029
86 294.345911026
91 291.218816996
96 291.648470879
101 291.414036989
106 291.818765879
111 292.703252792
116 292.083566904
121 294.130687952
126 293.510611057
131 294.876501083
136 293.856045961
141 296.271390915
146 294.912949085
151 294.608253002
156 295.998105049
161 293.988745928
166 295.292694092
171 293.703525066
176 293.962038994
181 293.577465057
186 293.35040617
191 293.01937604
196 294.140982151
201 293.503798008
206 293.973425865
211 293.612298965
216 291.460922003
221 294.650609016
226 292.701719999
231 294.691945076
236 293.523495913
241 295.001338005
246 294.47892499
