1 281.122745037
6 308.678397894
11 319.475353003
16 322.398395061
21 320.668689966
26 307.608115911
31 303.8801682
36 312.738627195
41 319.661234856
46 307.768070936
51 308.047386169
56 307.443078041
61 308.207088947
66 305.12983799
71 325.391584158
76 324.60462904
81 340.444280148
86 303.177685976
91 300.731633902
96 301.692542076
101 299.158900023
106 298.723896027
111 296.526548862
116 295.64913702
121 296.248466015
126 296.427471161
131 296.714344025
136 295.848337889
141 298.375699997
146 297.897483826
151 297.614518166
156 298.425686121
161 298.467416048
166 299.082949162
171 299.160526991
176 298.869426012
181 299.801489115
186 298.55408287
191 299.487211943
196 297.998477936
201 296.71292305
206 299.252698183
211 298.570979834
216 297.241356134
221 299.897987127
226 297.61625886
231 297.821146011
236 300.143738985
241 297.420320034
246 303.8506639
