1 29.6306648254
6 34.6687841415
11 42.5778801441
16 48.778398037
21 51.3710441589
26 56.8337631226
31 58.148127079
36 486.830327988
41 51.1584198475
46 90.6686279774
51 111.99693799
56 118.162801027
61 114.160944939
66 119.461088181
71 123.227159977
76 130.513000965
81 3083.33207011
86 66.5266418457
91 79.4155879021
96 83.435407877
101 120.432982922
106 132.525269032
111 162.585910082
116 164.253613949
121 172.281193972
126 174.253791094
131 188.724411964
136 127.271517992
141 104.519073009
146 109.679145098
151 111.905529022
156 113.871590137
161 117.228235006
166 119.891028166
171 123.134303093
176 128.908645153
181 132.217972994
186 164.203236103
191 142.42435813
196 170.100666046
201 177.143059969
206 178.749258995
211 160.979658842
216 192.374426126
221 188.737413883
226 195.033128977
231 205.374382973
236 248.075584888
241 207.694297791
246 252.307129145
