1 0.115314006805
6 0.127606153488
11 0.201030015945
16 0.883296012878
21 0.197264909744
26 0.706858873367
31 0.190674066544
36 0.139451980591
41 0.157963991165
46 0.139534950256
51 0.141155004501
56 0.14287686348
61 0.142158985138
66 0.420434951782
71 0.164402008057
76 0.425549030304
81 0.148736000061
86 0.147170066833
91 1.12651801109
96 0.170807123184
101 1.00137996674
106 0.150626897812
111 0.156214952469
116 0.927734136581
121 0.181833982468
126 0.157724142075
131 0.160505056381
136 1.25703215599
141 0.16086602211
146 0.159157991409
151 0.176510095596
156 0.167083024979
161 0.161211967468
166 0.163884162903
171 0.16625213623
176 0.184597969055
181 0.163074970245
186 0.166345119476
191 0.163759946823
196 0.1659719944
201 0.575935125351
206 0.167165994644
211 0.168709993362
216 0.171778917313
221 0.171683073044
226 0.192056894302
231 0.173155069351
236 0.173789978027
241 0.174385070801
246 0.176037073135
