1 20.4643788338
6 24.3198378086
11 27.0178861618
16 31.1206388474
21 40.4183909893
26 43.6162180901
31 47.2262320518
36 50.0531170368
41 53.4552111626
46 56.060628891
51 59.1832509041
56 62.0392801762
61 65.1863439083
66 68.1891288757
71 70.6662831306
76 73.6349000931
81 77.5172569752
86 81.6011400223
91 82.966987133
96 85.3611028194
101 89.2152619362
106 91.0011210442
111 94.6595258713
116 97.5293600559
121 101.045335054
126 104.038723946
131 108.936651945
136 111.953248978
141 114.808417082
146 23051.892025
151 99.7474780083
156 105.705954075
161 127.259490013
166 129.178458929
171 134.284560919
176 136.381560087
181 137.258342028
186 139.981641054
191 143.455555916
196 146.152522087
201 150.495991945
206 156.291152
211 156.205028057
216 157.511734009
221 162.266155958
226 164.694118023
231 192.497776031
236 170.101938963
241 174.892973185
246 178.674199104
