1 27.5190639496
6 36.426101923
11 43.5842578411
16 48.7157731056
21 51.4970979691
26 55.8097999096
31 58.2521541119
36 61.0008120537
41 63.8406820297
46 92.1003420353
51 69.812844038
56 73.4834280014
61 76.4968309402
66 114.261311054
71 125.72481513
76 88.1283171177
81 122.311931849
86 105.71863389
91 139.327037811
96 149.974986076
101 143.688705921
106 144.990034103
111 151.632204056
116 153.066823006
121 161.505325794
126 209.90692687
131 163.171797991
136 167.767526865
141 169.559953928
146 181.510266781
151 180.395604134
156 132.291640997
161 175.290589094
166 3089.42730403
171 122.805099964
176 143.290534019
181 145.566195965
186 148.960019827
191 151.004486084
196 153.658781052
201 162.053156137
206 163.528493881
211 216.854637861
216 169.304050922
221 173.029975891
226 176.436258078
231 177.369462013
236 180.583749056
241 182.801141024
246 188.283863068
