1 523.447140932
6 757.355494022
11 761.459152937
16 795.249897957
21 774.653800964
26 820.5248909
31 801.555747032
36 782.192440033
41 798.004748106
46 831.859555006
51 912.794529915
56 792.746284008
61 764.587719917
66 771.690057039
71 779.614140987
76 761.664997101
81 799.703962088
86 780.235166788
91 405.382063866
96 297.13126111
101 295.157282114
106 296.460156918
111 298.443404198
116 295.695266008
121 296.445244789
126 297.607930899
131 294.747256994
136 296.262135983
141 297.422170877
146 297.04530406
151 297.255012989
156 296.668514013
161 296.419017076
166 295.651667118
171 296.449422121
176 296.44633007
181 297.666196823
186 295.969516039
191 306.691559076
196 314.826821089
201 296.703839064
206 296.939908981
211 341.020340919
216 314.277481079
221 299.099949121
226 297.003686905
231 295.21827817
236 296.988304138
241 295.728168964
246 293.434242964
