1 0.0660490989685
6 0.0771589279175
11 0.104472875595
16 0.0812771320343
21 0.0829448699951
26 0.0833239555359
31 0.0864081382751
36 0.086837053299
41 0.117702007294
46 0.0869500637054
51 0.0887529850006
56 0.0921490192413
61 0.0916299819946
66 0.0934870243073
71 0.111953020096
76 0.0941429138184
81 0.0976481437683
86 0.097599029541
91 0.100065946579
96 0.121793031693
101 0.101694822311
106 0.103258132935
111 0.10437297821
116 0.106970071793
121 0.136860132217
126 0.108644008636
131 0.0930387973785
136 0.109184980392
141 0.110265016556
146 0.13516497612
151 0.113475084305
156 0.11430811882
161 0.125890016556
166 0.115072011948
171 0.341945886612
176 0.135040044785
181 0.120401859283
186 0.120197057724
191 0.121332883835
196 0.122529983521
201 0.122243881226
206 0.360980033875
211 0.124811887741
216 0.125678062439
221 0.126343011856
226 0.145243167877
231 0.128514051437
236 0.131551027298
241 0.133687019348
246 0.155232906342
