1   384.0855
6   445.6829
11   471.6413
16   500.9543
21   522.9027
26   546.0265
31   567.2249
36   580.4228
41   592.0408
46   611.5423
51   624.6745
56   637.7486
61   652.2913
66   670.362
71   688.4562
76   702.7573
81   715.5404
86   729.2341
91   744.1621
96   762.4665
101   776.8513
106   787.8086
111   797.9074
116   811.9505
121   821.7671
126   832.3142
131   846.0422
136   857.5869
141   866.5708
146   880.4517
151   891.9107
156   902.1667
161   916.1922
166   929.7205
171   940.7646
176   953.1189
