1   146.6689
6   208.1253
11   225.3675
16   239.2574
21   253.4394
26   263.493
31   270.8886
36   282.6629
41   298.7405
46   309.0652
51   317.5778
56   327.5752
61   339.9926
66   353.9887
71   366.6804
76   377.2744
81   391.5208
86   405.9813
91   417.2159
96   429.3479
101   442.9023
106   452.6987
111   465.8328
116   475.1379
121   486.4348
126   498.183
131   509.5638
136   521.8638
141   532.675
146   544.4832
151   555.8033
156   566.0954
161   577.743
166   587.3526
171   598.4469
176   608.7167
181   619.2518
186   629.4868
191   639.5938
196   649.3002
201   660.046
206   670.9067
211   680.4582
216   690.477
221   699.2762
226   709.7005
231   719.9213
236   728.9951
241   737.7221
246   748.3552
