1   495.103
6   510.4079
11   513.5783
16   515.8834
21   517.7619
26   526.5196
31   535.9256
36   551.9898
41   564.5299
46   574.3353
51   580.5876
56   592.6784
61   607.0301
66   621.613
71   633.7086
76   652.0166
81   673.3848
86   690.9106
91   707.9339
96   718.4868
101   736.8427
106   751.8021
111   764.7096
116   777.2714
121   793.1438
126   808.5484
131   821.3648
136   836.3231
141   850.463
146   863.7751
151   876.9071
156   892.3029
161   904.6918
166   918.1904
171   932.8886
176   946.1802
181   957.9003
186   970.2884
191   983.7699
196   995.7298
201   1008.3989
206   1021.3398
211   1031.8859
216   1043.8582
221   1055.5734
226   1066.5399
231   1079.2556
236   1088.9732
241   1100.2653
246   1109.9068
