1   26.8942
6   94.364
11   123.016
16   143.0603
21   158.3905
26   170.7221
31   185.3285
36   199.1084
41   208.3889
46   222.0339
51   232.0196
56   242.7531
61   252.6704
66   262.5667
71   273.4247
76   284.857
81   295.7743
86   306.5178
91   316.739
96   326.2038
101   336.7777
106   347.2233
111   356.366
116   366.2243
121   376.6976
126   385.7046
131   393.5703
136   403.8984
141   413.4219
146   422.2615
151   431.801
156   440.4906
161   448.9245
166   457.4866
171   467.384
176   476.1211
181   484.8252
186   493.4486
191   501.8419
196   511.2326
201   520.4285
206   528.9099
211   537.6983
216   546.8791
221   554.478
226   562.9713
231   571.9561
236   580.4048
241   588.9337
246   597.4862
