1   36.7083
6   95.2988
11   122.4445
16   141.7772
21   158.7705
26   173.9277
31   186.3504
36   197.6061
41   212.5774
46   222.7287
51   233.1878
56   243.2322
61   251.566
66   261.4117
71   273.534
76   284.7022
81   295.937
86   306.538
91   317.6615
96   328.5857
101   339.1842
106   348.6065
111   358.7342
116   368.9874
121   379.2669
126   387.9047
131   398.1332
136   407.5766
141   417.1574
146   425.3396
151   434.5048
156   443.4873
161   453.227
166   462.171
171   471.8672
176   480.7881
181   489.5806
186   498.6379
191   507.4346
196   516.1401
201   524.9696
206   533.7788
211   542.2903
216   551.0891
221   560.1676
226   568.9543
231   577.4416
236   586.8816
241   594.1012
246   602.8015
