1   493.0685
6   510.3912
11   512.5138
16   515.0793
21   517.2764
26   530.7419
31   546.3745
36   553.808
41   567.7434
46   574.9654
51   581.5609
56   589.6248
61   602.4412
66   618.3234
71   634.8567
76   650.8335
81   669.0616
86   684.7082
91   702.247
96   720.9254
101   735.0276
106   750.2769
111   766.7969
116   780.0167
121   795.0115
126   809.6658
131   822.83
136   838.1389
141   852.0342
146   865.7715
151   880.1391
156   893.3879
161   907.6685
166   918.1169
171   931.2986
176   942.9018
181   955.6199
186   968.6043
191   981.561
196   993.827
201   1006.0323
206   1018.3616
211   1031.1184
216   1042.9335
221   1054.8684
226   1067.1153
231   1077.5946
236   1090.21
241   1100.7484
246   1112.2299
