1   372.363
6   253.8123
11   421.2753
16   467.6892
21   502.7036
26   539.7592
31   566.3934
36   587.63
41   614.5911
46   631.3987
51   645.8169
56   670.4281
61   689.0512
66   688.4253
71   703.2366
76   709.7325
81   738.0603
86   741.8231
91   761.1304
96   784.1438
101   795.5839
106   793.0213
111   813.6402
116   825.5387
121   839.6796
126   842.0928
131   854.4448
136   868.3856
141   871.9912
146   890.9599
151   906.2863
156   916.6302
161   934.9155
166   941.3991
171   955.2264
