1   146.2895
6   206.7768
11   224.4553
16   238.5475
21   250.8541
26   265.1738
31   273.6577
36   288.2964
41   296.1438
46   313.9669
51   323.5087
56   333.6049
61   340.1084
66   352.1656
71   366.2135
76   379.5067
81   393.9068
86   407.1157
91   421.3933
96   434.0763
101   445.6954
106   457.6629
111   468.9295
116   481.7373
121   492.5568
126   505.1294
131   516.2672
136   527.9585
141   539.3625
146   549.5437
151   560.5277
156   571.3426
161   582.2422
166   593.1342
171   602.7276
176   613.9397
181   624.9089
186   634.2221
191   644.3704
196   655.3979
201   665.1739
206   675.8271
211   684.1366
216   692.1975
221   701.7754
226   712.1246
231   721.3027
236   729.3122
241   739.0091
246   748.7471
