1   138.2127
6   205.6915
11   233.4292
16   254.5233
21   271.3147
26   286.9732
31   299.6138
36   317.5402
41   331.1718
46   345.7838
51   358.4679
56   370.6868
61   384.0966
66   398.5701
71   410.5477
76   421.9773
81   433.9389
86   443.8704
91   457.9225
96   467.5453
101   473.2905
106   487.1591
111   495.589
116   507.44
121   519.7629
126   530.5123
131   543.5313
136   551.0975
141   564.6987
146   575.979
151   584.2928
156   593.1537
161   603.5353
166   616.1241
171   625.4342
176   633.3915
181   645.0414
186   654.4133
191   664.8313
196   674.736
201   679.2286
206   692.5891
211   697.8015
216   706.9054
221   705.9568
226   711.3356
231   716.8017
236   720.4616
241   733.0824
246   740.2964
