1   499.0708
6   486.7334
11   541.1141
16   573.9995
21   604.2121
26   628.9795
31   650.3429
36   674.1316
41   691.219
46   712.988
51   728.8793
56   746.1323
61   761.968
66   776.3776
71   791.8875
76   805.4914
81   821.0014
86   835.1561
91   849.3374
96   864.296
101   877.2634
106   890.7537
111   903.8984
116   914.3015
121   931.1163
126   942.8959
131   955.333
136   965.5781
141   977.9007
146   992.7046
151   1002.3405
156   1017.0679
161   1027.9849
166   1039.5492
171   1050.9978
176   1062.5259
181   1074.0733
186   1087.3767
191   1097.2541
196   1108.3287
201   1118.7259
206   1130.1117
211   1143.5541
216   1153.1735
221   1163.9159
226   1172.0174
231   1180.3078
236   1182.4086
241   1184.1778
246   1187.4039
