1   36.3114
6   94.228
11   122.2295
16   142.8025
21   158.7819
26   175.837
31   190.3721
36   203.2954
41   215.9298
46   226.7215
51   236.6582
56   247.1029
61   258.5019
66   271.654
71   284.4409
76   295.5593
81   306.6498
86   317.5474
91   325.892
96   335.7007
101   347.1915
106   355.759
111   366.4068
116   376.5164
121   384.8231
126   393.7062
131   402.4693
136   411.3366
141   419.8066
146   430.0153
151   436.9473
156   446.9097
161   457.2756
166   460.9945
171   456.0744
176   458.6051
181   461.1572
186   459.5389
191   468.281
196   472.4354
201   492.1564
206   491.0276
211   506.3981
216   512.4423
221   519.8587
226   530.747
231   540.7153
236   548.796
241   557.8452
246   569.9178
