30 120
0 17
0 27
0 21
0 25
1 6
1 7
1 12
1 19
1 21
1 22
1 27
1 29
2 3
2 6
2 10
2 14
2 15
2 18
2 22
2 23
2 28
3 5
3 6
3 8
3 9
3 11
3 14
3 18
3 23
3 29
4 6
4 7
4 9
4 13
4 16
4 19
4 20
4 21
5 23
5 24
5 15
6 7
6 10
6 14
6 18
6 20
6 21
6 22
6 23
6 25
6 28
7 9
7 14
7 16
7 19
7 21
7 23
7 24
7 29
8 27
8 25
8 26
8 21
9 13
9 14
9 16
9 18
9 19
9 21
9 27
10 12
10 13
10 14
10 15
10 18
10 22
10 23
10 27
11 20
12 13
12 14
12 16
12 17
12 21
12 27
13 20
13 25
14 16
14 19
14 21
14 23
15 17
15 18
15 19
15 25
15 26
15 28
16 17
16 19
16 23
17 19
17 23
17 24
18 19
19 24
19 29
20 23
21 22
21 27
22 27
22 29
23 25
23 28
24 25
24 26
24 29
25 29
26 27
26 29
27 28
